1237.30
1227.13
1218.29
1214.84
1214.94
1232.52
1235.87
1250.20
1254.07
1247.97
1251.32
1254.67
1251.02
1268.80
1275.81
1275.61
1277.44
1269.82
1287.20
1276.02
1275.10
1265.24
1270.53
1269.31
1273.78
1261.89
1260.06
1261.59
1255.89
1246.65
1236.79
1242.17
1244.61
1241.97
1254.98
1253.66
1250.51
1263.72
1263.21
1260.16
1258.64
1252.74
1269.05
1282.24
1286.64
1286.22
1278.48
1277.32
1279.31
1270.10
1267.59
1271.46
1269.37
1266.02
1259.11
1244.45
1242.88
1231.89
1229.69
1230.00
1221.52
1220.58
1212.31
1213.88
1197.03
1174.31
1180.49
1156.30
1152.74
1160.70
1150.13
1163.84
1158.71
1154.94
1148.87
1139.34
1134.21
1134.63
1165.10
1179.96
1157.14
1154.63
1159.44
1171.48
1165.20
1152.53
1143.63
1147.09
1139.76
1155.36
1164.78
1166.04
1167.40
1184.36
1171.38
1175.77
1170.85
1155.88
1154.84
1152.95
1154.31
1174.62
1170.75
1164.89
1153.16
1148.76
1148.56
1130.55
1132.22
1133.90
1138.30
1130.97
1157.14
1150.13
1160.28
1164.57
1156.51
1158.08
1149.50
1162.90
1163.53
1175.25
1169.07
1170.75
1183.00
1186.56
1181.53
1165.31
1166.56
1176.30
1165.52
1167.19
1157.14
1151.07
1150.86
1153.16
1142.27
1133.79
1125.31
1116.62
1113.80
1103.43
1107.10
1101.24
1102.59
1104.85
1124.35
1131.57
1124.89
1133.84
1132.44
1131.25
1115.61
1110.53
1110.53
1097.61
1086.90
1109.65
1115.83
1131.63
1127.21
1131.07
1130.52
1122.79
1116.72
1126.55
1132.40
1130.08
1134.28
1124.56
1122.57
1134.05
1126.88
1108.55
1104.57
1109.87
1116.83
1122.90
1111.64
1102.92
1101.37
1096.62
1086.57
1096.95
1107.55
1114.62
1109.98
1115.28
1134.61
1166.08
1202.08
1202.96
1204.62
1196.11
1224.05
1218.09
1220.08
1214.11
1198.98
1209.14
1211.90
1216.98
1239.73
1231.78
1232.44
1236.53
1227.92
1232.11
1226.92
1223.28
1224.38
1212.35
1209.03
1218.86
1207.38
1202.52
1197.99
1200.31
1228.25
1237.52
1237.08
1226.26
1213.01
1216.54
1201.74
1205.06
1207.16
1212.12
1216.76
1206.71
1198.98
1191.36
1182.86
1187.39
1182.53
1177.89
1175.13
1177.23
1183.08
1190.70
1202.96
1197.77
1195.89
1225.38
1225.93
1217.20
1213.01
1216.43
1211.02
1204.95
1201.41
1217.31
1207.38
1217.09
1216.65
1229.24
1244.15
1233.22
1228.69
1218.97
1219.19
1206.60
1206.93
1206.16
1187.94
1185.29
1195.12
1201.52
1220.30
1212.35
1220.19
1205.39
1193.46
1188.94
1182.42
1185.07
1171.60
1170.49
1163.21
1172.26
1178.33
1175.13
1168.84
1175.91
1176.79
1211.57
1208.04
1203.29
1198.98
1210.14
1208.92
1202.52
1204.17
1211.57
1198.87
1189.82
1184.96
1190.59
1191.70
1202.74
1223.50
1218.09
1234.54
1230.79
1230.68
1228.69
1227.36
1261.37
1259.50
1274.73
1270.43
1276.06
1277.83
1292.62
1287.88
1286.77
1277.72
1290.08
1285.23
1280.59
1290.08
1289.97
1276.06
1276.61
1297.92
1287.88
1282.02
1280.59
1283.13
1279.04
1275.84
1277.50
1286.11
1281.03
1284.01
1299.36
1289.53
1291.85
1280.37
1271.53
1269.66
1268.55
1271.75
1261.70
1260.05
1247.35
1249.67
1271.09
1265.24
1268.22
1267.45
1259.94
1259.72
1264.91
1260.71
1266.78
1272.75
1265.68
1258.06
1259.05
1252.98
1253.86
1259.94
1263.69
1265.68
1266.78
1269.55
1272.31
1265.13
1266.56
1266.56
1278.71
1278.49
1284.78
1275.18
1259.72
1258.06
1242.05
1242.27
1247.24
1247.79
1252.76
1249.78
1260.27
1274.18
1277.50
1273.30
1273.52
1278.05
1285.34
1304.88
1309.70
1303.76
1296.71
1301.97
1301.52
1302.98
1305.78
1315.41
1310.93
1315.30
1320.56
1327.28
1316.42
1318.44
1313.84
1306.34
1290.10
1300.96
1298.39
1304.77
1297.38
1299.73
1324.48
1320.56
1323.03
1323.81
1332.21
1335.46
1337.14
1334.01
1326.39
1334.45
1328.41
1321.91
1332.89
1337.70
1338.60
1335.46
1347.89
1357.97
1350.92
1359.54
1357.64
1351.81
1348.90
1353.61
1357.08
1343.86
1346.10
1347.45
1355.62
1353.05
1346.89
1325.16
1325.04
1329.86
1320.79
1314.29
1315.30
1316.98
1317.76
1312.72
1312.50
1323.70
1329.53
1318.10
1318.32
1317.65
1322.47
1331.09
1335.13
1334.01
1329.19
1326.72
1325.83
1335.69
1339.27
1333.45
1319.44
1312.39
1307.68
1309.14
1298.16
1300.40
1306.79
1297.94
1316.31
1321.12
1312.05
1320.79
1328.63
1340.95
1333.67
1333.11
1328.74
1324.37
1325.49
1326.72
1328.07
1339.94
1354.73
1350.81
1368.50
1369.29
1368.84
1364.14
1364.36
1367.16
1362.34
1356.52
1359.99
1368.73
1375.57
1374.31
1390.25
1389.68
1396.67
1403.44
1399.54
1404.36
1431.88
1433.60
1427.75
1439.22
1435.09
1440.02
1438.99
1439.22
1462.27
1464.33
1456.65
1456.77
1475.69
1472.13
1457.91
1459.06
1484.40
1482.91
1477.18
1497.02
1499.20
1511.70
1511.24
1535.21
1553.10
1544.50
1542.43
1543.92
1543.00
1528.78
1519.15
1526.49
1543.00
1550.46
1546.67
1537.73
1549.20
1547.59
1565.71
1526.61
1518.23
1513.53
1520.53
1519.04
1527.29
1541.63
1536.70
1529.13
1514.45
1502.29
1511.24
1529.93
1537.61
1556.42
1558.94
1552.18
1570.99
1594.27
1593.23
1593.12
1600.69
1613.42
1626.38
1622.82
1629.93
1645.07
1664.45
1678.78
1658.26
1672.82
1697.71
1698.28
1692.66
1696.90
1713.99
1709.06
1696.67
1686.42
1686.66
1696.60
1699.83
1702.95
1746.05
1745.45
1753.71
1792.74
1776.82
1789.87
1787.95
1804.24
1768.56
1782.93
1778.50
1810.70
1821.72
1818.61
1790.11
1795.26
1766.40
1739.22
1735.51
1769.76
1778.62
1794.30
1790.18
1805.31
1809.65
1847.97
1855.03
1840.40
1855.90
1830.98
1829.61
1831.72
1835.57
1843.75
1825.89
1783.98
1777.78
1774.68
1793.77
1787.95
1775.30
1786.21
1789.43
1787.33
1785.34
1808.28
1774.68
1759.80
1758.18
1783.98
1775.17
1806.30
1823.29
1853.03
1878.28
1882.35
1876.71
1861.95
1870.43
1863.29
1879.44
1885.90
1840.15
1837.19
1846.07
1838.13
1874.19
1871.77
1865.78
1868.94
1855.86
1879.54
1864.26
1875.55
1885.05
1880.20
1885.26
1892.72
1903.54
1909.03
1900.87
1839.00
1820.73
1826.07
1831.83
1821.43
1793.45
1768.70
1774.18
1781.78
1777.98
1779.11
1795.13
1798.37
1791.62
1810.04
1773.90
1766.87
1779.39
1775.31
1763.64
1769.97
1777.00
1779.53
1786.28
1782.62
1811.16
1835.49
1844.49
1844.91
1855.60
1869.52
1862.91
1881.33
1881.19
1887.80
1871.77
1904.25
1904.53
1900.17
1898.34
1870.36
1881.33
1919.71
1899.75
1888.64
1884.14
1879.50
1792.89
1758.72
1767.58
1778.54
1769.40
1774.18
1762.65
1793.45
1797.81
1803.29
1768.56
1769.69
1755.20
1767.58
1782.90
1781.21
1774.18
1784.45
1784.45
1803.85
1796.82
1793.17
1798.37
1800.20
1831.69
1836.19
1837.04
1811.02
1805.68
1808.35
1834.93
1832.26
1841.82
1845.47
1851.80
1878.37
1877.81
1894.26
1892.44
1899.04
1891.59
1886.53
1892.29
1895.95
1893.70
1862.20
1873.59
1860.52
1817.21
1826.63
1860.66
1893.56
1906.07
1912.12
1916.76
1914.23
1912.68
1955.57
1947.27
1939.68
1925.06
1930.26
1916.90
1932.93
1923.65
1912.26
1922.81
1936.16
1918.31
1912.82
1928.85
1926.18
1914.37
1926.88
1930.40
1912.12
1908.61
1895.95
1927.31
1971.32
1974.83
1993.95
2002.25
2005.91
2009.42
2012.94
2035.01
2070.73
2076.63
2102.50
2104.47
2094.07
2145.67
2101.52
2107.28
2150.45
2163.39
2160.01
2158.04
2179.42
2168.45
2191.23
2201.49
2186.87
2176.74
2158.04
2171.96
2165.78
2183.35
2237.49
2237.63
2244.09
2235.24
2216.54
2223.28
2226.24
2216.68
2223.99
2220.47
2226.52
2257.45
2276.43
2280.23
2260.12
2280.09
2268.98
2267.34
2258.66
2248.44
2284.80
2286.93
2299.57
2333.52
2363.78
2369.18
2363.49
2372.59
2335.80
2278.41
2304.69
2316.05
2320.45
2390.34
2405.54
2360.94
2372.16
2339.20
2338.78
2287.07
2252.98
2282.95
2275.99
2270.60
2337.07
2285.94
2280.97
2235.37
2230.54
2231.96
2254.26
2286.36
2280.40
2286.22
2338.07
2342.19
2334.66
2322.30
2307.30
2322.60
2329.68
2325.49
2272.52
2258.66
2221.28
2215.87
2225.77
2243.20
2297.94
2295.81
2310.68
2291.57
2288.23
2278.22
2320.69
2337.08
2326.15
2351.64
2352.70
2353.61
2360.13
2377.73
2391.54
2407.35
2407.35
2408.13
2420.85
2445.51
2439.73
2428.41
2451.05
2436.86
2446.91
2418.53
2409.76
2436.70
2429.53
2449.78
2463.97
2451.21
2455.99
2452.97
2481.35
2483.74
2496.97
2510.04
2487.72
2467.95
2470.18
2471.94
2485.33
2493.94
2519.77
2539.54
2567.44
2572.07
2557.08
2546.72
2566.65
2594.23
2592.00
2635.84
2680.48
2669.32
2691.49
2685.43
2700.57
2654.66
2665.82
2706.79
2709.50
2697.07
2722.42
2701.85
2675.06
2639.35
2662.95
2610.97
2602.04
2599.49
2561.38
2545.12
2549.27
2576.05
2608.74
2613.04
2566.58
2530.19
2527.90
2524.64
2492.82
2568.05
2585.67
2566.42
2570.17
2601.50
2590.57
2596.28
2639.20
2640.99
2640.18
2548.63
2551.08
2516.64
2482.21
2471.44
2508.16
2412.70
2355.09
2246.74
1738.74
1841.01
2027.85
1950.43
1950.76
1793.93
1846.49
1846.82
1938.33
1993.53
2014.09
1963.53
1945.29
1985.41
1959.05
1900.20
1878.15
1899.20
1960.21
1935.01
1949.10
1922.25
1939.16
1895.39
1913.63
1923.08
1963.53
1946.95
1910.48
1833.55
1842.34
1848.97
1776.53
1766.74
1812.17
1868.37
1902.52
1855.44
1867.04
1932.86
1941.48
1974.47
1924.40
1975.30
1990.38
1978.45
2005.64
1999.67
1942.97
1926.89
1950.10
1938.83
2015.25
2031.50
2037.80
2051.89
1911.31
1945.13
1928.55
1924.73
1916.11
1956.07
1963.86
1936.34
1879.14
1879.31
1903.51
1946.45
1920.59
1911.14
1930.04
1958.22
1944.63
1952.92
1924.57
1923.57
1910.48
1895.72
1914.46
1962.04
1961.54
1983.26
2005.97
2000.99
1986.41
2014.59
2040.29
2039.12
2039.95
2017.57
2023.21
2071.62
2070.46
2071.29
2063.49
2057.86
2056.37
2081.07
2074.27
2026.03
2034.98
2050.07
2047.41
2064.32
2086.04
2087.37
2067.14
2066.15
2067.64
2023.87
1978.95
1979.77
1998.34
1978.12
1988.06
1980.60
1997.51
2061.67
2062.17
2090.19
2095.99
2110.08
2107.10
2005.64
2013.93
2008.12
1999.50
1985.41
1987.40
2015.09
2035.97
2044.76
2047.91
2041.28
2032.33
2043.27
2058.36
2036.31
2020.23
2007.46
1997.35
2003.65
1965.85
1968.00
1990.55
2007.63
1986.41
1951.09
1958.72
1952.59
1941.48
1962.53
1961.37
1966.75
1956.44
2031.12
2064.01
2052.45
2071.30
2075.21
2054.59
2102.95
2093.35
2101.71
2099.40
2124.47
2131.40
2094.24
2104.02
2083.93
2109.17
2152.20
2148.29
2142.96
2108.46
2130.87
2121.98
2141.71
2131.58
2158.61
2130.16
2122.69
2106.15
2111.31
2092.64
2104.37
2113.62
2129.45
2117.89
2097.26
2110.60
2086.59
2060.99
2071.83
2073.97
2053.70
2082.33
2128.73
2130.51
2131.22
2134.07
2126.60
2119.13
2107.40
2079.13
2034.14
2039.30
2037.52
2004.27
2021.51
2025.96
2027.03
2016.00
1990.22
1989.33
2026.67
2010.85
2017.43
2041.43
2038.23
2031.65
2002.31
2054.59
2065.26
2065.79
2063.12
2068.81
2072.37
2083.04
2100.64
2092.28
2098.15
2081.08
2087.48
2090.50
2080.01
2090.68
2085.17
2082.33
2085.53
2119.31
2112.91
2105.26
2102.06
2106.51
2107.75
2150.25
2158.96
2156.47
2126.24
2133.36
2133.18
2140.47
2159.85
2137.27
2181.19
2183.50
2170.34
2173.36
2165.18
2140.83
2149.89
2148.65
2150.96
2156.83
2170.34
2145.80
2124.64
2127.49
2118.24
2114.69
2067.03
2065.08
2077.17
2038.58
2052.45
2062.41
2065.97
2077.70
2092.28
2074.68
2081.44
2101.53
2114.51
2101.88
2092.28
2123.76
2149.36
2153.63
2141.71
2143.49
2139.58
2143.49
2134.25
2133.00
2150.71
2172.68
2166.07
2164.64
2160.36
2168.93
2162.68
2166.43
2182.68
2168.57
2144.64
2177.68
2190.54
2194.29
2199.46
2193.21
2206.43
2222.32
2226.07
2224.64
2214.64
2238.75
2239.11
2235.36
2218.39
2256.43
2265.89
2291.07
2322.86
2324.11
2342.32
2338.21
2333.75
2331.25
2321.07
2347.14
2343.21
2323.04
2286.07
2282.50
2281.25
2303.93
2311.43
2324.82
2326.43
2283.93
2289.46
2245.54
2250.36
2258.39
2243.04
2265.71
2274.29
2294.82
2290.71
2295.54
2291.43
2282.14
2306.25
2306.25
2320.54
2340.71
2292.14
2262.50
2266.25
2263.21
2243.04
2257.86
2275.54
2281.52
2281.34
2293.62
2304.80
2298.20
2304.80
2291.97
2304.80
2301.87
2311.58
2319.65
2296.00
2337.06
2337.79
2379.40
2386.91
2377.38
2409.46
2402.68
2386.91
2389.11
2418.99
2418.80
2414.96
2402.86
2393.70
2384.90
2381.96
2376.47
2371.33
2374.45
2382.88
2439.70
2463.89
2453.45
2462.43
2470.12
2501.10
2502.02
2478.01
2483.87
2482.59
2493.77
2475.55
2480.15
2490.63
2517.83
2480.70
2496.32
2512.32
2516.91
2513.42
2518.84
2503.54
2503.36
2475.00
2486.38
2479.89
2472.88
2464.91
2482.17
2531.87
2511.38
2526.37
2504.74
2458.27
2440.06
2452.77
2456.56
2462.44
2487.86
2502.66
2514.61
2532.63
2538.32
2554.82
2553.49
2544.76
2584.41
2575.49
2607.36
2584.98
2583.08
2613.05
2635.43
2635.24
2660.66
2641.12
2657.44
2661.61
2653.45
2694.99
2699.17
2686.08
2712.63
2683.99
2677.92
2687.78
2693.29
2679.63
2687.97
2647.00
2650.99
2678.11
2734.64
2732.36
2743.36
2726.63
2728.15
2737.27
2752.09
2744.68
2719.79
2706.88
2709.54
2704.41
2707.26
2679.52
2664.89
2674.58
2687.50
2687.31
2683.89
2680.28
2681.61
2659.19
2663.94
2673.06
2694.91
2692.82
2713.72
2754.56
2771.09
2773.56
2785.52
2791.41
2785.33
2773.36
2759.84
2569.26
2657.38
2638.73
2643.65
2683.20
2689.14
2662.91
2659.22
2653.28
2613.73
2596.72
2603.48
2645.08
2645.90
2631.56
2629.51
2582.17
2597.13
2623.36
2603.69
2625.61
2626.43
2610.25
2632.58
2635.66
2652.66
2632.04
2639.29
2656.78
2675.55
2694.97
2702.01
2688.78
2706.27
2747.65
2753.63
2741.68
2736.77
2720.78
2731.44
2728.24
2752.13
2761.09
2753.63
2739.55
2697.53
2695.61
2687.93
2691.13
2711.39
2709.26
2724.40
2732.30
2753.20
2810.15
2809.73
2796.08
2773.25
2794.37
2766.00
2750.64
2760.67
2689.21
2669.37
2692.62
2659.13
2666.38
2677.90
2600.45
2615.32
2604.50
2561.04
2559.23
2553.38
2543.24
2590.54
2586.26
2602.70
2622.52
2606.31
2640.09
2644.37
2648.20
2619.14
2624.10
2624.32
2649.55
2635.59
2596.85
2583.56
2574.77
2564.19
2602.48
2617.12
2627.25
2635.59
2660.36
2649.55
2676.80
2669.59
2696.17
2683.33
2686.71
2674.55
2687.84
2695.72
2741.22
2755.63
2738.74
2727.93
2695.72
2704.28
2707.66
2736.94
2743.69
2727.70
2707.21
2700.45
2736.71
2719.37
2721.17
2717.12
2722.07
2731.08
2729.73
2751.80
2763.06
2765.77
2732.88
2711.94
2695.95
2666.67
2654.50
2666.44
2676.58
2645.05
2656.76
2668.92
2689.64
2696.17
2710.36
2721.62
2733.56
2732.88
2738.51
2801.58
2821.53
2822.45
2819.68
2831.71
2819.91
2844.68
2852.23
2856.26
2855.55
2820.92
2870.49
2878.56
2876.66
2900.97
2935.19
2925.00
2911.65
2897.33
2862.38
2892.57
2933.42
2929.70
2928.22
2935.89
2882.18
2893.56
2895.30
2901.73
2857.18
2845.05
2842.33
2862.13
2878.71
2880.69
2899.26
2911.63
2879.21
2904.95
2914.11
2890.84
2932.67
2969.80
2980.20
2999.75
2999.75
2981.68
2993.81
2961.14
2904.70
2922.52
2930.94
2920.79
2898.51
2917.33
2905.20
2899.26
2864.60
2809.65
2716.34
2710.64
2734.90
2758.91
2716.58
2746.78
2747.77
2748.27
2681.44
2644.80
2656.44
2603.96
2560.15
2483.42
2532.92
2611.63
2614.85
2632.43
2593.32
2614.36
2613.37
2628.22
2596.29
2619.55
2615.59
2612.62
2625.74
2582.67
2564.11
2567.33
2571.29
2557.43
2518.32
2512.38
2452.97
2485.64
2459.65
2427.48
2452.48
2515.84
2505.20
2489.36
2516.83
2510.64
2523.76
2445.54
2407.92
2365.10
2398.02
2416.34
2381.19
2387.87
2452.72
2520.79
2516.09
2494.06
2504.21
2484.16
2436.14
2430.20
2448.02
2442.33
2454.95
2490.84
2502.23
2485.15
2440.84
2443.81
2488.61
2540.35
2535.40
2559.65
2545.05
2550.25
2565.35
2530.20
2539.36
2527.23
2533.17
2543.81
2535.15
2518.81
2559.65
2565.59
2579.70
2610.40
2602.48
2590.10
2596.78
2586.14
2622.28
2614.36
2593.81
2593.32
2626.73
2626.73
2629.46
2633.66
2621.29
2637.13
2625.50
2629.21
2633.66
2610.64
2573.51
2566.09
2522.77
2509.41
2470.30
2498.76
2501.49
2483.91
2490.59
2508.91
2623.51
2646.78
2629.21
2603.22
2619.06
2643.07
2659.41
2654.46
2662.62
2713.12
2736.39
2730.69
2772.28
2788.37
2830.94
2810.64
2830.69
2902.23
2874.75
2909.16
2877.23
2934.65
2932.18
2899.01
2891.83
2889.36
2887.87
2864.60
2889.11
2882.18
2909.90
2914.11
2972.52
2973.27
2963.37
2955.20
2939.36
2922.52
2955.20
2952.23
2948.27
2929.95
2867.82
2872.03
2855.45
2858.91
2865.84
2914.85
2917.57
2913.86
2881.19
2945.05
2926.73
2924.50
2896.78
2918.56
2873.02
2874.50
2905.45
2920.79
2933.17
2986.88
3004.46
2999.26
2965.59
2927.72
2930.45
2949.50
2921.04
2912.38
2876.98
2887.87
2930.20
2938.61
2938.86
2941.64
2917.49
2930.90
2971.15
2920.17
2924.42
2886.85
2865.38
2894.01
2886.63
2892.22
2906.08
2910.33
2900.04
2913.91
2958.86
2969.59
3000.45
3027.50
3035.33
3027.95
3005.37
2994.86
2976.74
2975.40
2985.91
2961.99
2965.12
3000.45
2993.96
2986.81
2955.50
2953.94
2965.56
2913.01
2910.11
2913.01
2934.93
2906.75
2958.41
2972.72
2934.70
2932.47
2961.99
2947.23
2944.77
2959.75
2980.77
2990.61
2983.90
2978.76
3016.32
3016.32
3012.97
2983.23
2966.23
2980.10
2972.50
2985.24
3016.32
3024.82
3017.67
3006.26
2989.04
3027.28
3026.61
3013.86
2996.20
3001.34
3008.72
3005.37
2998.43
2968.02
2898.03
2913.69
3001.79
3007.38
3040.25
3039.36
3026.16
3055.23
3049.64
3043.60
3017.67
3008.50
3008.50
3011.63
3007.16
2982.56
2987.03
3007.83
2985.69
3015.21
3013.19
3017.89
3024.37
3019.23
3010.51
3029.07
3021.02
3017.22
3006.04
3016.77
3018.34
3012.52
